(0, 0, 100)
(0, 1, 100)
(0, 2, 99)
(0, 3, 99)
(0, 4, 99)
(0, 5, 99)
(0, 6, 99)
(0, 7, 97)
(0, 8, 94)
(0, 9, 91)
(0, 10, 91)
(0, 11, 88)
(0, 12, 79)
(0, 13, 57)
(0, 14, 26)
(0, 15, 1)
(0, 16, 1)
(0, 17, 1)
(0, 18, 1)
(0, 19, 1)
(1, 0, 200)
(1, 1, 200)
(1, 2, 199)
(1, 3, 198)
(1, 4, 197)
(1, 5, 196)
(1, 6, 193)
(1, 7, 190)
(1, 8, 187)
(1, 9, 181)
(1, 10, 175)
(1, 11, 156)
(1, 12, 131)
(1, 13, 83)
(1, 14, 24)
(1, 15, 1)
(1, 16, 1)
(1, 17, 1)
(1, 18, 1)
(1, 19, 1)
(2, 0, 300)
(2, 1, 300)
(2, 2, 299)
(2, 3, 298)
(2, 4, 295)
(2, 5, 292)
(2, 6, 288)
(2, 7, 282)
(2, 8, 279)
(2, 9, 270)
(2, 10, 258)
(2, 11, 224)
(2, 12, 174)
(2, 13, 104)
(2, 14, 22)
(2, 15, 1)
(2, 16, 1)
(2, 17, 1)
(2, 18, 1)
(2, 19, 1)
(3, 0, 400)
(3, 1, 400)
(3, 2, 399)
(3, 3, 396)
(3, 4, 390)
(3, 5, 387)
(3, 6, 382)
(3, 7, 372)
(3, 8, 364)
(3, 9, 345)
(3, 10, 326)
(3, 11, 274)
(3, 12, 203)
(3, 13, 108)
(3, 14, 17)
(3, 15, 1)
(3, 16, 1)
(3, 17, 1)
(3, 18, 1)
(3, 19, 1)
(4, 0, 500)
(4, 1, 500)
(4, 2, 498)
(4, 3, 490)
(4, 4, 483)
(4, 5, 479)
(4, 6, 473)
(4, 7, 459)
(4, 8, 445)
(4, 9, 425)
(4, 10, 395)
(4, 11, 330)
(4, 12, 242)
(4, 13, 108)
(4, 14, 12)
(4, 15, 1)
(4, 16, 1)
(4, 17, 1)
(4, 18, 1)
(4, 19, 1)
(5, 0, 600)
(5, 1, 600)
(5, 2, 598)
(5, 3, 589)
(5, 4, 581)
(5, 5, 575)
(5, 6, 566)
(5, 7, 551)
(5, 8, 535)
(5, 9, 508)
(5, 10, 469)
(5, 11, 389)
(5, 12, 279)
(5, 13, 114)
(5, 14, 13)
(5, 15, 1)
(5, 16, 1)
(5, 17, 1)
(5, 18, 1)
(5, 19, 1)
(6, 0, 700)
(6, 1, 700)
(6, 2, 697)
(6, 3, 686)
(6, 4, 676)
(6, 5, 665)
(6, 6, 656)
(6, 7, 638)
(6, 8, 619)
(6, 9, 594)
(6, 10, 547)
(6, 11, 455)
(6, 12, 317)
(6, 13, 108)
(6, 14, 13)
(6, 15, 1)
(6, 16, 1)
(6, 17, 1)
(6, 18, 1)
(6, 19, 1)
(7, 0, 800)
(7, 1, 800)
(7, 2, 797)
(7, 3, 785)
(7, 4, 771)
(7, 5, 758)
(7, 6, 746)
(7, 7, 728)
(7, 8, 707)
(7, 9, 670)
(7, 10, 614)
(7, 11, 506)
(7, 12, 339)
(7, 13, 108)
(7, 14, 13)
(7, 15, 1)
(7, 16, 1)
(7, 17, 1)
(7, 18, 1)
(7, 19, 1)
(8, 0, 900)
(8, 1, 900)
(8, 2, 896)
(8, 3, 884)
(8, 4, 867)
(8, 5, 852)
(8, 6, 840)
(8, 7, 819)
(8, 8, 796)
(8, 9, 759)
(8, 10, 691)
(8, 11, 567)
(8, 12, 362)
(8, 13, 107)
(8, 14, 11)
(8, 15, 1)
(8, 16, 1)
(8, 17, 1)
(8, 18, 1)
(8, 19, 1)
(9, 0, 1000)
(9, 1, 1000)
(9, 2, 995)
(9, 3, 980)
(9, 4, 961)
(9, 5, 943)
(9, 6, 929)
(9, 7, 902)
(9, 8, 871)
(9, 9, 825)
(9, 10, 752)
(9, 11, 610)
(9, 12, 378)
(9, 13, 109)
(9, 14, 10)
(9, 15, 1)
(9, 16, 1)
(9, 17, 1)
(9, 18, 1)
(9, 19, 1)
(10, 0, 1100)
(10, 1, 1100)
(10, 2, 1093)
(10, 3, 1074)
(10, 4, 1056)
(10, 5, 1033)
(10, 6, 1014)
(10, 7, 984)
(10, 8, 952)
(10, 9, 902)
(10, 10, 819)
(10, 11, 659)
(10, 12, 398)
(10, 13, 108)
(10, 14, 9)
(10, 15, 1)
(10, 16, 1)
(10, 17, 1)
(10, 18, 1)
(10, 19, 1)
(11, 0, 1200)
(11, 1, 1200)
(11, 2, 1192)
(11, 3, 1171)
(11, 4, 1151)
(11, 5, 1127)
(11, 6, 1103)
(11, 7, 1075)
(11, 8, 1039)
(11, 9, 982)
(11, 10, 885)
(11, 11, 702)
(11, 12, 404)
(11, 13, 97)
(11, 14, 9)
(11, 15, 1)
(11, 16, 1)
(11, 17, 1)
(11, 18, 1)
(11, 19, 1)
(12, 0, 1300)
(12, 1, 1300)
(12, 2, 1289)
(12, 3, 1264)
(12, 4, 1243)
(12, 5, 1214)
(12, 6, 1186)
(12, 7, 1159)
(12, 8, 1115)
(12, 9, 1055)
(12, 10, 949)
(12, 11, 744)
(12, 12, 413)
(12, 13, 94)
(12, 14, 8)
(12, 15, 1)
(12, 16, 1)
(12, 17, 1)
(12, 18, 1)
(12, 19, 1)
(13, 0, 1400)
(13, 1, 1400)
(13, 2, 1385)
(13, 3, 1359)
(13, 4, 1335)
(13, 5, 1304)
(13, 6, 1273)
(13, 7, 1244)
(13, 8, 1199)
(13, 9, 1131)
(13, 10, 1012)
(13, 11, 775)
(13, 12, 425)
(13, 13, 100)
(13, 14, 7)
(13, 15, 1)
(13, 16, 1)
(13, 17, 1)
(13, 18, 1)
(13, 19, 1)
(14, 0, 1500)
(14, 1, 1500)
(14, 2, 1482)
(14, 3, 1450)
(14, 4, 1424)
(14, 5, 1387)
(14, 6, 1353)
(14, 7, 1323)
(14, 8, 1272)
(14, 9, 1200)
(14, 10, 1064)
(14, 11, 812)
(14, 12, 439)
(14, 13, 100)
(14, 14, 7)
(14, 15, 1)
(14, 16, 1)
(14, 17, 1)
(14, 18, 1)
(14, 19, 1)
(15, 0, 1600)
(15, 1, 1600)
(15, 2, 1579)
(15, 3, 1546)
(15, 4, 1516)
(15, 5, 1478)
(15, 6, 1441)
(15, 7, 1406)
(15, 8, 1352)
(15, 9, 1272)
(15, 10, 1116)
(15, 11, 845)
(15, 12, 445)
(15, 13, 97)
(15, 14, 7)
(15, 15, 1)
(15, 16, 1)
(15, 17, 1)
(15, 18, 1)
(15, 19, 1)
(16, 0, 1700)
(16, 1, 1700)
(16, 2, 1679)
(16, 3, 1641)
(16, 4, 1608)
(16, 5, 1570)
(16, 6, 1529)
(16, 7, 1492)
(16, 8, 1435)
(16, 9, 1349)
(16, 10, 1176)
(16, 11, 880)
(16, 12, 448)
(16, 13, 100)
(16, 14, 7)
(16, 15, 1)
(16, 16, 1)
(16, 17, 1)
(16, 18, 1)
(16, 19, 1)
(17, 0, 1800)
(17, 1, 1800)
(17, 2, 1777)
(17, 3, 1737)
(17, 4, 1703)
(17, 5, 1664)
(17, 6, 1622)
(17, 7, 1584)
(17, 8, 1519)
(17, 9, 1429)
(17, 10, 1239)
(17, 11, 918)
(17, 12, 462)
(17, 13, 98)
(17, 14, 7)
(17, 15, 1)
(17, 16, 1)
(17, 17, 1)
(17, 18, 1)
(17, 19, 1)
(18, 0, 1900)
(18, 1, 1900)
(18, 2, 1874)
(18, 3, 1828)
(18, 4, 1792)
(18, 5, 1753)
(18, 6, 1710)
(18, 7, 1668)
(18, 8, 1603)
(18, 9, 1509)
(18, 10, 1298)
(18, 11, 956)
(18, 12, 480)
(18, 13, 100)
(18, 14, 7)
(18, 15, 1)
(18, 16, 1)
(18, 17, 1)
(18, 18, 1)
(18, 19, 1)
(19, 0, 2000)
(19, 1, 2000)
(19, 2, 1973)
(19, 3, 1925)
(19, 4, 1889)
(19, 5, 1847)
(19, 6, 1803)
(19, 7, 1759)
(19, 8, 1685)
(19, 9, 1582)
(19, 10, 1349)
(19, 11, 988)
(19, 12, 486)
(19, 13, 102)
(19, 14, 7)
(19, 15, 1)
(19, 16, 1)
(19, 17, 1)
(19, 18, 1)
(19, 19, 1)
